22
0 99 44 22 101 101 6 22 66 98 62 27 126 18 6 81 52 81 52 36 63 74
99 0 143 121 200 200 105 121 165 197 161 126 225 117 105 154 143 153 143 131 162 173
44 143 0 65 137 138 50 65 104 142 101 71 163 61 50 125 96 125 96 80 107 118
22 121 65 0 122 120 28 23 87 120 84 49 148 40 28 103 74 103 74 58 85 96
101 200 137 122 0 181 107 122 153 199 160 127 217 113 107 182 153 182 153 137 164 175
101 200 138 120 181 0 106 120 157 199 157 126 210 118 106 182 153 182 153 137 164 175
6 105 50 28 107 106 0 28 72 104 68 33 132 24 11 87 58 87 58 42 69 80
22 121 65 23 122 120 28 0 87 120 84 49 148 40 28 103 74 103 74 58 85 96
66 165 104 87 153 157 72 87 0 164 127 92 190 74 68 147 118 147 118 102 129 140
98 197 142 120 199 199 104 120 164 0 160 125 224 116 104 179 150 179 150 134 161 172
62 161 101 84 160 157 68 84 127 160 0 89 179 80 68 143 114 143 114 98 125 136
27 126 71 49 127 126 33 49 92 125 89 0 153 45 33 108 79 108 79 63 90 101
126 225 163 148 217 210 132 148 190 224 179 153 0 143 132 207 178 207 178 162 189 200
18 117 61 40 113 118 24 40 74 116 80 45 143 0 24 99 70 99 70 54 81 92
6 105 50 28 107 106 11 28 68 104 68 33 132 24 0 87 58 87 58 42 69 80
81 154 125 103 182 182 87 103 147 179 143 108 207 99 87 0 114 82 114 105 144 155
52 143 96 74 153 153 58 74 118 150 114 79 178 70 58 114 0 114 52 70 115 126
81 153 125 103 182 182 87 103 147 179 143 108 207 99 87 82 114 0 114 105 144 155
52 143 96 74 153 153 58 74 118 150 114 79 178 70 58 114 52 114 0 70 115 126
36 131 80 58 137 137 42 58 102 134 98 63 162 54 42 105 70 105 70 0 99 110
63 162 107 85 164 164 69 85 129 161 125 90 189 81 69 144 115 144 115 99 0 129
74 173 118 96 175 175 80 96 140 172 136 101 200 92 80 155 126 155 126 110 129 0
